17 0
16 1
81 b0 0
10 59
20 c0 0
10 6f
20 c0 1
10 75
20 c0 2
10 20
20 c0 3
10 67
20 c0 4
10 6f
20 c0 5
10 74
20 c0 6
10 20
20 c0 7
10 69
20 c0 8
10 74
20 c0 9
10 20
20 c0 a
10 72
20 c0 b
10 69
20 c0 c
10 67
20 c0 d
10 68
20 c0 e
10 74
20 c0 f
10 21
20 c0 10
18 b0 0        
11 a3           
30 20           
30 31
31 1
30 10
31 20
31 31
31 23
30 2
30 10
30 40
15 1
40 2
31 5
31 0
40 15
31 15
31 11
30 20
30 31
31 1
30 10
31 20
31 31
31 23
30 12
30 2
41 2
41 15
31 0
31 11
31 1
30 14
30 20
30 31
31 1
30 10
31 20
31 31
31 23
30 2
30 10
30 40
15 1
40 3
31 5
31 0
40 17
31 15
31 11
30 20
30 31
31 1
30 10
31 20
31 31
31 23
30 12
30 2
41 3
41 17
31 0
31 11
31 1
30 14
30 20
30 31
31 1
30 10
31 20
31 31
31 23
22 b0 0
11 e9
32 11
50 0 0
18 b0 1
11 a6
30 20
30 31
31 1
30 10
31 20
31 31
31 23
30 2
30 10
30 40
15 1
40 2
31 5
31 0
40 15
31 15
31 11
30 20
30 31
31 1
30 10
31 20
31 31
31 23
30 12
30 2
41 2
41 15
31 0
31 11
31 1
30 14
30 20
30 31
31 1
30 10
31 20
31 31
31 23
30 2
30 10
30 40
15 1
40 3
31 5
31 0
40 17
31 15
31 11
30 20
30 31
31 1
30 10
31 20
31 31
31 23
30 12
30 2
41 3
41 17
31 0
31 11
31 1
30 14
30 20
30 31
31 1
30 10
31 20
31 31
31 23
22 b0 1
11 eb
32 11
50 0 0
18 b0 2
11 a9
30 20
30 31
31 1
30 10
31 20
31 31
31 23
30 2
30 10
30 40
15 1
40 2
31 5
31 0
40 15
31 15
31 11
30 20
30 31
31 1
30 10
31 20
31 31
31 23
30 12
30 2
41 2
41 15
31 0
31 11
31 1
30 14
30 20
30 31
31 1
30 10
31 20
31 31
31 23
30 2
30 10
30 40
15 1
40 3
31 5
31 0
40 17
31 15
31 11
30 20
30 31
31 1
30 10
31 20
31 31
31 23
30 12
30 2
41 3
41 17
31 0
31 11
31 1
30 14
30 20
30 31
31 1
30 10
31 20
31 31
31 23
22 b0 2
11 f9
32 11
50 0 0
18 b0 3
11 ac
30 20
30 31
31 1
30 10
31 20
31 31
31 23
30 2
30 10
30 40
15 1
40 2
31 5
31 0
40 15
31 15
31 11
30 20
30 31
31 1
30 10
31 20
31 31
31 23
30 12
30 2
41 2
41 15
31 0
31 11
31 1
30 14
30 20
30 31
31 1
30 10
31 20
31 31
31 23
30 2
30 10
30 40
15 1
40 3
31 5
31 0
40 17
31 15
31 11
30 20
30 31
31 1
30 10
31 20
31 31
31 23
30 12
30 2
41 3
41 17
31 0
31 11
31 1
30 14
30 20
30 31
31 1
30 10
31 20
31 31
31 23
22 b0 3
11 c9
32 11
50 0 0
18 b0 4
11 af
30 20
30 31
31 1
30 10
31 20
31 31
31 23
30 2
30 10
30 40
15 1
40 2
31 5
31 0
40 15
31 15
31 11
30 20
30 31
31 1
30 10
31 20
31 31
31 23
30 12
30 2
41 2
41 15
31 0
31 11
31 1
30 14
30 20
30 31
31 1
30 10
31 20
31 31
31 23
30 2
30 10
30 40
15 1
40 3
31 5
31 0
40 17
31 15
31 11
30 20
30 31
31 1
30 10
31 20
31 31
31 23
30 12
30 2
41 3
41 17
31 0
31 11
31 1
30 14
30 20
30 31
31 1
30 10
31 20
31 31
31 23
22 b0 4
11 78
32 11
50 0 0
18 b0 5
11 b2
30 20
30 31
31 1
30 10
31 20
31 31
31 23
30 2
30 10
30 40
15 1
40 2
31 5
31 0
40 15
31 15
31 11
30 20
30 31
31 1
30 10
31 20
31 31
31 23
30 12
30 2
41 2
41 15
31 0
31 11
31 1
30 14
30 20
30 31
31 1
30 10
31 20
31 31
31 23
30 2
30 10
30 40
15 1
40 3
31 5
31 0
40 17
31 15
31 11
30 20
30 31
31 1
30 10
31 20
31 31
31 23
30 12
30 2
41 3
41 17
31 0
31 11
31 1
30 14
30 20
30 31
31 1
30 10
31 20
31 31
31 23
22 b0 5
11 f8
32 11
50 0 0
18 b0 6
11 b5
30 20
30 31
31 1
30 10
31 20
31 31
31 23
30 2
30 10
30 40
15 1
40 2
31 5
31 0
40 15
31 15
31 11
30 20
30 31
31 1
30 10
31 20
31 31
31 23
30 12
30 2
41 2
41 15
31 0
31 11
31 1
30 14
30 20
30 31
31 1
30 10
31 20
31 31
31 23
30 2
30 10
30 40
15 1
40 3
31 5
31 0
40 17
31 15
31 11
30 20
30 31
31 1
30 10
31 20
31 31
31 23
30 12
30 2
41 3
41 17
31 0
31 11
31 1
30 14
30 20
30 31
31 1
30 10
31 20
31 31
31 23
22 b0 6
11 9
32 11
50 0 0
18 b0 7
11 b8
30 20
30 31
31 1
30 10
31 20
31 31
31 23
30 2
30 10
30 40
15 1
40 2
31 5
31 0
40 15
31 15
31 11
30 20
30 31
31 1
30 10
31 20
31 31
31 23
30 12
30 2
41 2
41 15
31 0
31 11
31 1
30 14
30 20
30 31
31 1
30 10
31 20
31 31
31 23
30 2
30 10
30 40
15 1
40 3
31 5
31 0
40 17
31 15
31 11
30 20
30 31
31 1
30 10
31 20
31 31
31 23
30 12
30 2
41 3
41 17
31 0
31 11
31 1
30 14
30 20
30 31
31 1
30 10
31 20
31 31
31 23
22 b0 7
11 7a
32 11
50 0 0
18 b0 8
11 bb
30 20
30 31
31 1
30 10
31 20
31 31
31 23
30 2
30 10
30 40
15 1
40 2
31 5
31 0
40 15
31 15
31 11
30 20
30 31
31 1
30 10
31 20
31 31
31 23
30 12
30 2
41 2
41 15
31 0
31 11
31 1
30 14
30 20
30 31
31 1
30 10
31 20
31 31
31 23
30 2
30 10
30 40
15 1
40 3
31 5
31 0
40 17
31 15
31 11
30 20
30 31
31 1
30 10
31 20
31 31
31 23
30 12
30 2
41 3
41 17
31 0
31 11
31 1
30 14
30 20
30 31
31 1
30 10
31 20
31 31
31 23
22 b0 8
11 fb
32 11
50 0 0
18 b0 9
11 be
30 20
30 31
31 1
30 10
31 20
31 31
31 23
30 2
30 10
30 40
15 1
40 2
31 5
31 0
40 15
31 15
31 11
30 20
30 31
31 1
30 10
31 20
31 31
31 23
30 12
30 2
41 2
41 15
31 0
31 11
31 1
30 14
30 20
30 31
31 1
30 10
31 20
31 31
31 23
30 2
30 10
30 40
15 1
40 3
31 5
31 0
40 17
31 15
31 11
30 20
30 31
31 1
30 10
31 20
31 31
31 23
30 12
30 2
41 3
41 17
31 0
31 11
31 1
30 14
30 20
30 31
31 1
30 10
31 20
31 31
31 23
22 b0 9
11 4d
32 11
50 0 0
18 b0 a
11 c1
30 20
30 31
31 1
30 10
31 20
31 31
31 23
30 2
30 10
30 40
15 1
40 2
31 5
31 0
40 15
31 15
31 11
30 20
30 31
31 1
30 10
31 20
31 31
31 23
30 12
30 2
41 2
41 15
31 0
31 11
31 1
30 14
30 20
30 31
31 1
30 10
31 20
31 31
31 23
30 2
30 10
30 40
15 1
40 3
31 5
31 0
40 17
31 15
31 11
30 20
30 31
31 1
30 10
31 20
31 31
31 23
30 12
30 2
41 3
41 17
31 0
31 11
31 1
30 14
30 20
30 31
31 1
30 10
31 20
31 31
31 23
22 b0 a
11 5c
32 11
50 0 0
18 b0 b
11 c4
30 20
30 31
31 1
30 10
31 20
31 31
31 23
30 2
30 10
30 40
15 1
40 2
31 5
31 0
40 15
31 15
31 11
30 20
30 31
31 1
30 10
31 20
31 31
31 23
30 12
30 2
41 2
41 15
31 0
31 11
31 1
30 14
30 20
30 31
31 1
30 10
31 20
31 31
31 23
30 2
30 10
30 40
15 1
40 3
31 5
31 0
40 17
31 15
31 11
30 20
30 31
31 1
30 10
31 20
31 31
31 23
30 12
30 2
41 3
41 17
31 0
31 11
31 1
30 14
30 20
30 31
31 1
30 10
31 20
31 31
31 23
22 b0 b
11 3f
32 11
50 0 0
18 b0 c
11 c7
30 20
30 31
31 1
30 10
31 20
31 31
31 23
30 2
30 10
30 40
15 1
40 2
31 5
31 0
40 15
31 15
31 11
30 20
30 31
31 1
30 10
31 20
31 31
31 23
30 12
30 2
41 2
41 15
31 0
31 11
31 1
30 14
30 20
30 31
31 1
30 10
31 20
31 31
31 23
30 2
30 10
30 40
15 1
40 3
31 5
31 0
40 17
31 15
31 11
30 20
30 31
31 1
30 10
31 20
31 31
31 23
30 12
30 2
41 3
41 17
31 0
31 11
31 1
30 14
30 20
30 31
31 1
30 10
31 20
31 31
31 23
22 b0 c
11 98
32 11
50 0 0
18 b0 d
11 ca
30 20
30 31
31 1
30 10
31 20
31 31
31 23
30 2
30 10
30 40
15 1
40 2
31 5
31 0
40 15
31 15
31 11
30 20
30 31
31 1
30 10
31 20
31 31
31 23
30 12
30 2
41 2
41 15
31 0
31 11
31 1
30 14
30 20
30 31
31 1
30 10
31 20
31 31
31 23
30 2
30 10
30 40
15 1
40 3
31 5
31 0
40 17
31 15
31 11
30 20
30 31
31 1
30 10
31 20
31 31
31 23
30 12
30 2
41 3
41 17
31 0
31 11
31 1
30 14
30 20
30 31
31 1
30 10
31 20
31 31
31 23
22 b0 d
11 bf
32 11
50 0 0
18 b0 e
11 cd
30 20
30 31
31 1
30 10
31 20
31 31
31 23
30 2
30 10
30 40
15 1
40 2
31 5
31 0
40 15
31 15
31 11
30 20
30 31
31 1
30 10
31 20
31 31
31 23
30 12
30 2
41 2
41 15
31 0
31 11
31 1
30 14
30 20
30 31
31 1
30 10
31 20
31 31
31 23
30 2
30 10
30 40
15 1
40 3
31 5
31 0
40 17
31 15
31 11
30 20
30 31
31 1
30 10
31 20
31 31
31 23
30 12
30 2
41 3
41 17
31 0
31 11
31 1
30 14
30 20
30 31
31 1
30 10
31 20
31 31
31 23
22 b0 e
11 f
32 11
50 0 0
18 b0 f
11 d0
30 20
30 31
31 1
30 10
31 20
31 31
31 23
30 2
30 10
30 40
15 1
40 2
31 5
31 0
40 15
31 15
31 11
30 20
30 31
31 1
30 10
31 20
31 31
31 23
30 12
30 2
41 2
41 15
31 0
31 11
31 1
30 14
30 20
30 31
31 1
30 10
31 20
31 31
31 23
30 2
30 10
30 40
15 1
40 3
31 5
31 0
40 17
31 15
31 11
30 20
30 31
31 1
30 10
31 20
31 31
31 23
30 12
30 2
41 3
41 17
31 0
31 11
31 1
30 14
30 20
30 31
31 1
30 10
31 20
31 31
31 23
22 b0 f
11 4d
32 11
50 0 0
18 b0 10
11 d3
30 20
30 31
31 1
30 10
31 20
31 31
31 23
30 2
30 10
30 40
15 1
40 2
31 5
31 0
40 15
31 15
31 11
30 20
30 31
31 1
30 10
31 20
31 31
31 23
30 12
30 2
41 2
41 15
31 0
31 11
31 1
30 14
30 20
30 31
31 1
30 10
31 20
31 31
31 23
30 2
30 10
30 40
15 1
40 3
31 5
31 0
40 17
31 15
31 11
30 20
30 31
31 1
30 10
31 20
31 31
31 23
30 12
30 2
41 3
41 17
31 0
31 11
31 1
30 14
30 20
30 31
31 1
30 10
31 20
31 31
31 23
22 b0 10
11 2d
32 11
50 0 0
18 b0 11
11 d6
30 20
30 31
31 1
30 10
31 20
31 31
31 23
30 2
30 10
30 40
15 1
40 2
31 5
31 0
40 15
31 15
31 11
30 20
30 31
31 1
30 10
31 20
31 31
31 23
30 12
30 2
41 2
41 15
31 0
31 11
31 1
30 14
30 20
30 31
31 1
30 10
31 20
31 31
31 23
30 2
30 10
30 40
15 1
40 3
31 5
31 0
40 17
31 15
31 11
30 20
30 31
31 1
30 10
31 20
31 31
31 23
30 12
30 2
41 3
41 17
31 0
31 11
31 1
30 14
30 20
30 31
31 1
30 10
31 20
31 31
31 23
22 b0 11
11 6d
32 11
50 0 0
18 b0 12
11 d9
30 20
30 31
31 1
30 10
31 20
31 31
31 23
30 2
30 10
30 40
15 1
40 2
31 5
31 0
40 15
31 15
31 11
30 20
30 31
31 1
30 10
31 20
31 31
31 23
30 12
30 2
41 2
41 15
31 0
31 11
31 1
30 14
30 20
30 31
31 1
30 10
31 20
31 31
31 23
30 2
30 10
30 40
15 1
40 3
31 5
31 0
40 17
31 15
31 11
30 20
30 31
31 1
30 10
31 20
31 31
31 23
30 12
30 2
41 3
41 17
31 0
31 11
31 1
30 14
30 20
30 31
31 1
30 10
31 20
31 31
31 23
22 b0 12
11 8f
32 11
50 0 0
18 b0 13
11 dc
30 20
30 31
31 1
30 10
31 20
31 31
31 23
30 2
30 10
30 40
15 1
40 2
31 5
31 0
40 15
31 15
31 11
30 20
30 31
31 1
30 10
31 20
31 31
31 23
30 12
30 2
41 2
41 15
31 0
31 11
31 1
30 14
30 20
30 31
31 1
30 10
31 20
31 31
31 23
30 2
30 10
30 40
15 1
40 3
31 5
31 0
40 17
31 15
31 11
30 20
30 31
31 1
30 10
31 20
31 31
31 23
30 12
30 2
41 3
41 17
31 0
31 11
31 1
30 14
30 20
30 31
31 1
30 10
31 20
31 31
31 23
22 b0 13
11 af
32 11
50 0 0
18 b0 14
11 df
30 20
30 31
31 1
30 10
31 20
31 31
31 23
30 2
30 10
30 40
15 1
40 2
31 5
31 0
40 15
31 15
31 11
30 20
30 31
31 1
30 10
31 20
31 31
31 23
30 12
30 2
41 2
41 15
31 0
31 11
31 1
30 14
30 20
30 31
31 1
30 10
31 20
31 31
31 23
30 2
30 10
30 40
15 1
40 3
31 5
31 0
40 17
31 15
31 11
30 20
30 31
31 1
30 10
31 20
31 31
31 23
30 12
30 2
41 3
41 17
31 0
31 11
31 1
30 14
30 20
30 31
31 1
30 10
31 20
31 31
31 23
22 b0 14
11 cf
32 11
50 0 0
18 b0 15
11 e2
30 20
30 31
31 1
30 10
31 20
31 31
31 23
30 2
30 10
30 40
15 1
40 2
31 5
31 0
40 15
31 15
31 11
30 20
30 31
31 1
30 10
31 20
31 31
31 23
30 12
30 2
41 2
41 15
31 0
31 11
31 1
30 14
30 20
30 31
31 1
30 10
31 20
31 31
31 23
30 2
30 10
30 40
15 1
40 3
31 5
31 0
40 17
31 15
31 11
30 20
30 31
31 1
30 10
31 20
31 31
31 23
30 12
30 2
41 3
41 17
31 0
31 11
31 1
30 14
30 20
30 31
31 1
30 10
31 20
31 31
31 23
22 b0 15
11 aa
32 11
50 0 0
18 b0 16
11 e5
30 20
30 31
31 1
30 10
31 20
31 31
31 23
30 2
30 10
30 40
15 1
40 2
31 5
31 0
40 15
31 15
31 11
30 20
30 31
31 1
30 10
31 20
31 31
31 23
30 12
30 2
41 2
41 15
31 0
31 11
31 1
30 14
30 20
30 31
31 1
30 10
31 20
31 31
31 23
30 2
30 10
30 40
15 1
40 3
31 5
31 0
40 17
31 15
31 11
30 20
30 31
31 1
30 10
31 20
31 31
31 23
30 12
30 2
41 3
41 17
31 0
31 11
31 1
30 14
30 20
30 31
31 1
30 10
31 20
31 31
31 23
22 b0 16
11 9e
32 11
50 0 0
18 b0 17
11 e8
30 20
30 31
31 1
30 10
31 20
31 31
31 23
30 2
30 10
30 40
15 1
40 2
31 5
31 0
40 15
31 15
31 11
30 20
30 31
31 1
30 10
31 20
31 31
31 23
30 12
30 2
41 2
41 15
31 0
31 11
31 1
30 14
30 20
30 31
31 1
30 10
31 20
31 31
31 23
30 2
30 10
30 40
15 1
40 3
31 5
31 0
40 17
31 15
31 11
30 20
30 31
31 1
30 10
31 20
31 31
31 23
30 12
30 2
41 3
41 17
31 0
31 11
31 1
30 14
30 20
30 31
31 1
30 10
31 20
31 31
31 23
22 b0 17
11 ab
32 11
50 0 0
18 b0 18
11 eb
30 20
30 31
31 1
30 10
31 20
31 31
31 23
30 2
30 10
30 40
15 1
40 2
31 5
31 0
40 15
31 15
31 11
30 20
30 31
31 1
30 10
31 20
31 31
31 23
30 12
30 2
41 2
41 15
31 0
31 11
31 1
30 14
30 20
30 31
31 1
30 10
31 20
31 31
31 23
30 2
30 10
30 40
15 1
40 3
31 5
31 0
40 17
31 15
31 11
30 20
30 31
31 1
30 10
31 20
31 31
31 23
30 12
30 2
41 3
41 17
31 0
31 11
31 1
30 14
30 20
30 31
31 1
30 10
31 20
31 31
31 23
22 b0 18
11 fb
32 11
50 0 0
18 b0 19
11 ee
30 20
30 31
31 1
30 10
31 20
31 31
31 23
30 2
30 10
30 40
15 1
40 2
31 5
31 0
40 15
31 15
31 11
30 20
30 31
31 1
30 10
31 20
31 31
31 23
30 12
30 2
41 2
41 15
31 0
31 11
31 1
30 14
30 20
30 31
31 1
30 10
31 20
31 31
31 23
30 2
30 10
30 40
15 1
40 3
31 5
31 0
40 17
31 15
31 11
30 20
30 31
31 1
30 10
31 20
31 31
31 23
30 12
30 2
41 3
41 17
31 0
31 11
31 1
30 14
30 20
30 31
31 1
30 10
31 20
31 31
31 23
22 b0 19
11 9a
32 11
50 0 0
18 b0 1a
11 f1
30 20
30 31
31 1
30 10
31 20
31 31
31 23
30 2
30 10
30 40
15 1
40 2
31 5
31 0
40 15
31 15
31 11
30 20
30 31
31 1
30 10
31 20
31 31
31 23
30 12
30 2
41 2
41 15
31 0
31 11
31 1
30 14
30 20
30 31
31 1
30 10
31 20
31 31
31 23
30 2
30 10
30 40
15 1
40 3
31 5
31 0
40 17
31 15
31 11
30 20
30 31
31 1
30 10
31 20
31 31
31 23
30 12
30 2
41 3
41 17
31 0
31 11
31 1
30 14
30 20
30 31
31 1
30 10
31 20
31 31
31 23
22 b0 1a
11 38
32 11
50 0 0
18 b0 1b
11 f4
30 20
30 31
31 1
30 10
31 20
31 31
31 23
30 2
30 10
30 40
15 1
40 2
31 5
31 0
40 15
31 15
31 11
30 20
30 31
31 1
30 10
31 20
31 31
31 23
30 12
30 2
41 2
41 15
31 0
31 11
31 1
30 14
30 20
30 31
31 1
30 10
31 20
31 31
31 23
30 2
30 10
30 40
15 1
40 3
31 5
31 0
40 17
31 15
31 11
30 20
30 31
31 1
30 10
31 20
31 31
31 23
30 12
30 2
41 3
41 17
31 0
31 11
31 1
30 14
30 20
30 31
31 1
30 10
31 20
31 31
31 23
22 b0 1b
11 89
32 11
50 0 0
80 c0 0